310.119995
300.359985
317.690002
334.959991
335.350006
338.52999900000003
344.97000099999997
347.26001
334.399994
344.429993
346.049988
347.309998
302.26001
298.920013
287.589996
291.51001
297.040009
296.380005
297.459991
308.769989
307.019989
312.209991
312.890015
321.350006
317.22000099999997
307.51001
305.799988
312.839996
311.809998
308.170013
303.769989
307.880005
305.640015
302.559998
291.230011
294.709991
298.769989
297.859985
314.73999
319.880005
294.790009
285.359985
276.540009
276.23999
276.589996
284.140015
290.920013
283.359985
288.959991
289.959991
275.429993
269.48999
267.47000099999997
273.600006
274.019989
264.52999900000003
260.420013
267.769989
274.829987
278.619995
279.859985
289.179993
285.880005
291.809998
267.77999900000003
274.959991
273.200012
272.309998
276.059998
268.420013
267.700012
266.380005
273.359985
271.230011
273.26001
262.75
263.899994
258.660004
247.63000499999998
235.13999900000002
241.47000099999997
238.690002
234.00999500000003
244.100006
255.02999900000003
255.33999599999999
247.059998
244.83999599999999
241.979996
239.520004
227.00999500000003
232.309998
231.94999700000002
228.330002
211.02999900000003
205.360001
205.080002
192.729996
195.490005
190.630005
188.699997
189.860001
188.220001
185.16000400000001
178.970001
193.600006
196.58999599999999
205.949997
204.5
212.88000499999998
217.100006
209.259995
213.91000400000001
214.919998
225.02999900000003
224.74000499999997
226.42999300000002
219.61999500000002
221.86000099999998
223.63999900000002
219.75999500000003
219.270004
222.83999599999999
223.460007
227.169998
224.55000299999998
234.899994
233.100006
230.33999599999999
230.059998
238.919998
238.600006
245.080002
253.5
252.38000499999998
254.86000099999998
253.539993
258.179993
255.67999300000002
260.170013
264.880005
228.82000699999998
228.039993
235.770004
242.25999500000003
241.61000099999998
233.850006
234.33999599999999
228.32000699999998
230.75
233.419998
238.30000299999998
235.00999500000003
229.00999500000003
235.0
219.61999500000002
215.63999900000002
219.940002
226.830002
225.86000099999998
220.830002
222.149994
211.399994
215.0
214.080002
215.58999599999999
221.710007
225.61000099999998
225.00999500000003
220.67999300000002
229.580002
227.44999700000002
231.789993
235.539993
247.100006
245.86999500000002
245.19999700000002
242.809998
244.789993
243.49000499999997
246.600006
240.61999500000002
241.229996
223.210007
228.69999700000002
242.559998
242.13000499999998
240.86999500000002
244.690002
243.13000499999998
233.02999900000003
231.42999300000002
237.72000099999997
240.05000299999998
244.52999900000003
244.74000499999997
247.88999900000002
256.959991
257.890015
259.75
261.97000099999997
256.950012
253.5
255.580002
254.67999300000002
299.679993
328.130005
327.709991
316.22000099999997
315.01001
314.920013
313.309998
317.47000099999997
317.22000099999997
326.579987
335.540009
337.140015
345.089996
349.929993
346.109985
349.350006
352.170013
349.98999
359.519989
352.22000099999997
354.829987
333.040009
336.339996
328.920013
331.290009
329.940002
334.869995
336.200012
333.02999900000003
330.369995
335.890015
339.52999900000003
348.839996
352.700012
359.679993
358.390015
381.5
378.98999
393.149994
404.040009
405.589996
419.22000099999997
425.25
430.94000199999994
430.380005
414.700012
418.329987
