310.11999499999996
300.35998499999994
317.69000199999994
334.959991
335.350006
338.52999900000003
344.97000099999997
347.26001
334.399994
344.429993
346.049988
347.309998
302.26001
298.9200129999999
287.5899959999999
291.5100099999999
297.04000899999994
296.3800049999999
297.45999099999995
308.76998899999995
307.01998899999995
312.20999099999995
312.89001499999995
321.35000599999995
317.2200009999999
307.51000999999997
305.7999879999999
312.8399959999999
311.80999799999995
308.1700129999999
303.76998899999995
307.8800049999999
305.64001499999995
302.55999799999995
291.23001099999993
294.70999099999995
298.76998899999995
297.85998499999994
314.7399899999999
319.8800049999999
294.79000899999994
285.35998499999994
276.5400089999999
276.23998999999986
276.58999599999987
284.1400149999999
290.92001299999987
283.3599849999999
288.9599909999999
289.9599909999999
275.4299929999999
269.48998999999986
267.47000099999985
273.6000059999999
274.0199889999999
264.5299989999999
260.4200129999998
267.7699889999999
274.8299869999999
278.6199949999999
279.8599849999999
289.1799929999999
285.88000499999987
291.8099979999999
267.77999899999986
274.9599909999999
273.2000119999999
272.3099979999999
276.0599979999999
268.42001299999987
267.7000119999999
266.38000499999987
273.3599849999999
271.2300109999999
273.2600099999999
262.7499999999999
263.8999939999998
258.66000399999984
247.63000499999984
235.13999899999988
241.4700009999998
238.69000199999982
234.00999499999986
244.10000599999987
255.0299989999999
255.33999599999984
247.05999799999987
244.83999599999984
241.97999599999983
239.52000399999983
227.00999499999986
232.30999799999984
231.94999699999983
228.3300019999998
211.02999899999983
205.36000099999978
205.08000199999975
192.72999599999974
195.49000499999974
190.63000499999976
188.69999699999974
189.86000099999976
188.22000099999974
185.16000399999973
178.9700009999997
193.60000599999972
196.58999599999973
205.94999699999977
204.49999999999977
212.88000499999976
217.1000059999998
209.2599949999998
213.9100039999998
214.91999799999977
225.02999899999983
224.74000499999977
226.42999299999983
219.61999499999982
221.86000099999978
223.63999899999982
219.75999499999983
219.2700039999998
222.8399959999998
223.4600069999998
227.1699979999998
224.55000299999978
234.89999399999982
233.10000599999984
230.3399959999998
230.0599979999998
238.91999799999982
238.60000599999984
245.08000199999984
253.49999999999986
252.38000499999984
254.86000099999984
253.53999299999987
258.17999299999985
255.67999299999988
260.1700129999998
264.8800049999998
228.82000699999978
228.0399929999998
235.7700039999998
242.25999499999986
241.6100009999998
233.85000599999984
234.3399959999998
228.32000699999978
230.7499999999998
233.4199979999998
238.3000029999998
235.00999499999986
229.00999499999983
234.9999999999998
219.61999499999982
215.63999899999982
219.94000199999977
226.8300019999998
225.86000099999978
220.8300019999998
222.1499939999998
211.39999399999977
214.99999999999977
214.08000199999978
215.58999599999976
221.71000699999976
225.61000099999978
225.00999499999983
220.67999299999983
229.5800019999998
227.44999699999983
231.7899929999998
235.5399929999998
247.10000599999984
245.86999499999985
245.19999699999985
242.80999799999984
244.78999299999984
243.4900049999998
246.60000599999984
240.61999499999985
241.22999599999983
223.21000699999982
228.69999699999983
242.5599979999998
242.1300049999998
240.86999499999985
244.69000199999982
243.1300049999998
233.02999899999983
231.42999299999983
237.72000099999977
240.05000299999978
244.52999899999986
244.7400049999998
247.88999899999985
256.95999099999983
257.89001499999983
259.74999999999983
261.9700009999998
256.95001199999984
253.49999999999986
255.58000199999987
254.67999299999988
299.6799929999999
328.13000499999987
327.70999099999995
316.2200009999999
315.01000999999997
314.9200129999999
313.30999799999995
317.4700009999999
317.2200009999999
326.57998699999996
335.54000899999994
337.14001499999995
345.089996
349.929993
346.109985
349.350006
352.170013
349.98999
359.519989
352.22000099999997
354.829987
333.040009
336.339996
328.9200129999999
331.29000899999994
329.94000199999994
334.86999499999996
336.20001199999996
333.02999900000003
330.36999499999996
335.89001499999995
339.52999900000003
348.839996
352.700012
359.679993
358.390015
381.5
378.98999000000003
393.14999400000005
404.0400090000001
405.5899960000001
419.2200010000001
425.2500000000001
430.9400020000001
430.38000500000015
414.70001200000013
418.32998700000013
